3331. 31 311.311.,1, 233, 300, 304,
11, 171, vito: 353-355, 356.

11333313113, 33313,11, 153, 155. 1. 113-
rio (S.).

113333 31 133333, Ι, 635,11, 347.

113333113333113, Ι, 395 n. 4, 11331.

1133333131133, 1333313, Ι, 391, ΙΙ, 357.

113333113113113, Ι, 463, 477 3. 1.

1133331331133, 3331133, ΙΙ, 261.

11311133, 33313333, Ι, 331, 4, 10, 15 36,

’ 131 0 134, 333, 11, 64, 311, 313.

1131313313. 1113131.

113113131111113313, ΙΙ, 377.

1131133 31 03311113, Π, 65.

1131133 31 0331133, 331, ΙΙ, 101.

1131133 31 (113, 33331313, ΙΙ, 341.

1131133 31 (11333313, 331, 11, 53, 217,
213.

1131133, neec. di 031113, Ι, 542.

1131113 (3.), 3111333, 11, 197, 33113, Π,
153.

1131333331 Ugolino, 1, 571 3. 3.

1131133113, 31313133. 3133133331, vito:
1, 659640.

Mounizio (3.) (13133, 13313, 11, 317.

1131133313. 1. 33111131.

1133333333111013.113113, 11, 291.

’ Menige. dilingam, 1,13 n. e; 3
1333 3333331, Ι, 54 310, 31 11·
33313, 1, 32 3. 3, 31 Ρ33333, 1, 10.

1133333333, 31113, 11, 36.

11331313333, Ι, 522. V. Giacomiuo.

Medici 3333333133 giudice, 1, 430.

Medici 33113 31313,1, 522; degli oo-
ohi, 1, 523, 33113 3133113, I, 533.

Medicina, 33313113, Ι, 311, 33, 101, 113,
191, 335, 335, 639, 612, 11, 39;
31313, 1, 313, 11, 331, 333, 331,
259, 235. 1111311313 (3.), Pillio.

Medicina (33) 13. (1133313133, Ι, 213,
13. (13133113, Ι, 540 3. 5.

113313133, professori, 11133 1, 517-572,
documenti: 11, 212-337.

11313313 (13) 1133133133, 3131. 3111133,
11133 1, 533594.

11313333, 3131. 31 313. 333., vito: I, 330-
333.

1131133 (11333133 31 1333333, 11, 132.

1131133111 Ugolino, 1, 500.

Moloni 333133313,11, 55.

11313333313, 3131. 31 313313,,11131 1,
81-62.

Mereonti 31 3313333, 11, 253, 357.

113131131 (11313331 331, Π, 331, (113-
3313311, 221.

1131333 3131331. V. Circolo; Trivio.

11333113 (33) Ρ1311ο 31 3333, 1333133
33311313, 1, 533 3. 4.

1131333111331 Allegrotutti 31 113333311-
1333, 11, 231, 33113311, 33, (113-
33331, 11, 341.

11131313 (3.) 3113331313, 11, 243, 251,
253 , 331 33333331, 11, 320, 13 Bo·
333 (monost), I, 350, 415, 416,
131, 111, 313, 313, 551,11, 113,

noni. 11.

133133 377

117, 173, 131, 133, 133, 330, 345, 1133133111313 (33) 33333333. V. Com·
di 033131 33’ 311111, 1, 330 3. 5, poetelio (do) Bernnrdo iuniore.
610, 33113 0111333, Ι, 339, 331 113313 Metelli, 11, 25.

1331333111, 1, 337 n. 4, Π, 221 , 31 113313313113 (33) (11313331, prof. di dir.
113313133(3111333),Π,317, 253, 254. 333., Ι, 435, vito: 491-468.
Miohele 331, 11, 43. 11331333131333 (33) 33133333(11.), 1,
Miohole 331333 33111311 (13333311, Ι, 571, (13133, 11, 226, 113313113 31

217, 251. 11333333, giud. 331333.,11, 131.
11131313 311333 31 S. (113. 13 Monte, 1133133,3331.313ο13113,1,505,3113;

Π, 291. 514, Silvestre, 3331. 31 teolegio,
Michoie 33331313, I, 534 3. 5. 31133 Ι, 627-623.
1113313 (33) 3331333, Π, 23. Monteveglio, 1, 131, 135 3 3. 2, 434
1113311133 11313333313, II, 42. n. 1, 11, 25. V. 03313113.
111133331, 11, 60. 11331333ςί13 (33) 1133311313, ΙΙ, 24, Pe·
11113113, Ι, 686, Π, 37-46, 366, 614, 1333133 3333313, 11,35,1’13133,11,

31313333331, II, 112, 3333313, I, xx, 339.

xx1. V. 0131311331, Orio (3311),· 113313333133 (33) Ugolino, 1, 457, 637,

Ρ3133331111333,’3311313. 663 3. 3, 11, 77, 333, 227.
Milone Crispino, Ι, 3, 4, Menti (1331333, I, 12, 51, 72, 109, 120
1113331113, Ι, 212. 3 3. 9, 121,614, 11333333 3Ὀ-
Minghino etezionorio 331111313313111, 31313, 3331333, ΙΙ, 305, 203.

ΙΙ, 77, 1133133313, 1, 431, 136, 643, ΙΙ, 139

11131313 (de 3.) 1131313311, 303,1133- 3. 1, 333. V. Morio (S.).
331333333131313333,(113; 1, 113313311133, I, ΤΙ-30, 106, 391 3. 2.
393100. V. Azone; Placentino.

1113131311133313333,Ι, 205 3 3. 3 3 4. ΜΟΜΕ (dt) Enrioo, P0d· (ῙῙ 11010611,

V. Ρ13133 1313131333. Π, 13.
111133313 313, ΙΙ, 154. 1131313333 luogo, 11, 270.

Misericordia, monent, ΙΙ, 336. 11333333, 3131. 31 313313,, vito: 1, 525-
11113313. V. Sicardo. 523.
11133113 (33) 0313ο,11, 200. 11313330113113,1, xxix-xm.
1133333, 3313333, Ι,66,105, 106, 173, Moneo (11313331, 33313133 31 S. 33113-
111, 133, 311, 333, 331 n. 3, 531, 31311386.
667, 615, 659, 11, 221, 222, 261, 113111 31 Bologne 33313 313133133ῑί
243, 253, 341, 353, 3333131131, studii, 1, 10.
131, 1331331, Ι, 139, 3313333 ve· Moyoiooo (33) (11313331, 3131. 31 313.
3333113, Ι, 433 3. 3, 313313, Ι, 131, 311., 11133 1, 267363,
467, 1333331, 1, 633, Π, 30, 315. 11333113, rog, 1, 661.
V. Dodone: 333133, Ρ13133 (S). Megello (31) Beneventano, II, 241,
113333333, 1133113 31 (13133 33 3113- 3133333131 313. 313.,1, 194, 213,
3313, Ι, 131. vito: 254-263, 491, 493 3. 5, 11,
113313133331 3333133, Ι, 133. 77, 294, (13133, 1, 203.
Medio, 33313113, Ι, 666 3 3. 4. 1131311 (1333133, ooneigi. 31031131,
1133311 (1133313133, ΙΙ, 231. Ι, 513, 511.
1133331311 31 Bologna, 11, 177, 131, 225. 11313311 (1331131313, 11, 333. V. 1133331.
1133313, 33133313333, Ι, 431, Π, 343. 113333 (33) (13133, ΙΙ, 161.
1133313, Ι, 121 3 n. 5, 331.1.11333- 11333313113, 11, 29.
6311131, 11313331οεί33 ,· Zecco. 1131313113, 11, 335.
11331311313 1333311333, ΙΙ, 35, 37, 39, 40. 1111331311, 11, 313.
1133131113, Ι, 322 n. 5. 11331333. V. 3311313333 (3.).
1133133333 1131333333, 11, 340. V. Di· 1133313, 11113 333333 113313, ΙΙ, 63.
seniore.
1133133133 (33) 0131113311, 174.
113313 3113313 (33) 313113, 3311313 31 N
leggi bolognoee, 1, 9 3 3. 4, 10.
Montebello luogo, Ι, 116. 11313313 3131133 (33.) abbania 13 33-
Montebono (33) Min-hele, 3131. 31 med, legno, 1, 372.
31133 I, 550-551. 1133311, 313313, 1, 256 e n. 4. V. Bai·
Monte 0333133, Ι, 523. tinio.
Monte 031313, 11, 139. 1131113331, 293, 467, 493. 13333νί3.
Monte 33113 (1331313, Ι, 317 3. 2, 373 Mon-ni, I, 257.
3. 2. 1133333 (1331131133, 313131 311. 333.,
1133131331 0331313 333., 11, 139. vito: I, 419-421.
113313131113 (33) (13133, 33313, I, 463 1131313 31 3331313, 1311. 3311’113.,ΙΙ,
3. 3, 46333. 3. 65,131.

43

 

