316 4440404

104004 00444000, Ι, 281, 582, 583 n. 1, 114114, 1, 280. 1. Ordine Gerooolo'm.
, 444, 444 n. 2, 444, 44, 444, 444, 4444444444 444444, 44, 404.
211, 291. 1. 8040004004· 1144040. 11440010 (8.), 00414, Ι, 591, ΙΙ, 151,
14004 (10) 14401440, Ι, 825, Antonio, strada, 1, 560 0. l, II, 151.
vio. dol Ρο104114, ΙΙ, 181, 8040, 1140100010 (14) (10011010400401. 11114.
0401. 111011, 4114, Ι, 800, oio· 440. 0 0441, Ι, 256, 260, 4114,
40441, astrologo, Ι, 582 4. 2, (144- Ι, 188-189, 190, 191.
01101440, 0401. 11 filos, vito: Ι, 625, 114010 (14 Francia), 1, 165.
Ρο11004100 11 80404041040, 0401. 11044410 11 Β40040110, Ι, 122.
11 440110, vito: 1, 550-551, 114- 114014411, 4104041 11 104440, Ι, 285,
41040, ΙΙ, 22, Toodorioo 404011 14104010, 1, 285 n. 6.
Uerrio, 0401. 11 440110, vita: 1, 11441441100 404011 Verona, 1, 485.
581, 511, 10104000, Ι, 121, 1100, 114414010, 0401. 11 440110140, vito: 1,
4401140, 11, 211. 528-580.
10010 (8.) 411 1101040, 1, 698. Μ4014010 40 11 8101114, I, 2110 4. 1,
144010 ΙΙΙ, 1, 444444. 212, 185, 588.
1441014 (14) 1144100, 4001440 1001000, 1104140144 404011 Ρ410014104,1,4444444.
ΙΙ, 19. 1144414010 4044. 11 104040, II, 181.
1400, 1, 280. 11040141041. V. 1100401041.
1000 (14) 11041010 11 (14441410, 401410, 11440040 (11) 11140410, 00410, Ι, 119,
44, 444. 44, 44, 44.
10101 ΙΙ( 40 1114400144, 1, 111.
1044441140 11101010, ΙΙ, 192.
1444414414, 14000, ΙΙ, 211.
14444 (14) (11044441, astrologo, Ι, 598.
140101044, 1, 188.
Lupi 1104110010, Ι, 810.
1400 (11044041, ΙΙ, 21.
1444101 114410104000, ΙΙ, 156.
1441040, Ι, 815.
144441. V. 1144441.

114411010110, 0401. 11 4401, vito:

4444, 1, 432, vita: 473-4813 444,
565, ΙΙ, 11, 105, 221, 11441140,
1, 303 n. 4.

10011,11, 166, 4000041, ΙΙ, 133.
V. 114νί40.
11441044 (14) 101410, 4411110, 11,135;

11, 285, 10114 810110 (4404441040),
1, 210, 10110 11040, ΙΙ, 251, 10011
114οο110111, ΙΙ, 269, 11 (1444011011
040400 11010004, Ι, 128, 11 (1401οΙ
8. Piotro, 11, 259, 261, 11 110410-
400110 (444011. 0 01040), ΙΙ, 111-118,
111104104010, Ι, 181, 018, 662,
11, 189, 251, 259, 11 Ρ1440, ΙΙ, 190,
11 1144040 (4404001), 11, 858,11
110οο (4400401), Ι, 882 4. 9, 898,
404, 440, 44, 444, 444444, 44 4404-
044441040,11,212,101144011219,
14 Porto (11 11440440), ΙΙ, 161, 281,
14 814414, ll, 221, 210, 1141141004
(01.0 044014 11014044), 1138, 529
ιι. 4, 44. 44, 44, 444, 444, Mag-
01040 (414. 0 00011), Ι, 155, 458,
661,11, 195191, 110040 (4404441),
Ι, 156, 11,191, 198, 11010410 101
(14110441, 11, 222, sopra 11140440
(11 Romo), Ι, 118, 112.

1100110140111110040, Ι, 119, 505, ΙΙ, 195, 11441400, 00440440 11 8. (110. 14 110410,

Π, 291.

1, 561-585, 11444ἰὶ10, 0401. 11 114. 1144140 (8.). 0141044414 1101004011, 29,

41110 401 1401004040, Ι, 185 4. 1,
161 4. 5.

Morino (148.) 11140410, ΙΙ, 218.
11041044, 4044440, Ι, 18, 286, 811, 529, 11441000111 1104140000, ΙΙ, 85.
650 n. 8, 11, 81, 89, 10, 858, po· 1144400110,14000 40114110011 1111400,

11, 156.

1144010110 (14) 10110410, ΙΙ, 2811110-

41440441.

Μ 1100140040, 40004140, 11, 1, 1040110, 114441Ιί0 14 Ρ41040, ΙΙ, 209.

0401. 11 440110, ΙΙ, 228.
11400401441000 10011 00141441. V. 1104-
ratione.
1140401041 0 (1004041041, 1444410110, 1, 899

1144οΙ040 (14) 8441441011 ‘Porro di
104040, ΙΙ, 18.

11400004401 1444101, Ι,180,1Ιο441110110,

11, 80, 81, 8140000, 11, 202 4.1. 140, 1, 880, 400.

114401Ιί0110, 004011 01001. 101 0040. 11

11 8010044, ΙΙ, 20. V. Moccoynam'.

110401110110 0011440, 40004040 101 0044.

11 8014044, II, 21.

0 4. 1, 1110040410, 11, 286, Ρ10- 1141100004, ll, 101.
1104114οΙ10 001, ΙΙ, 81.

11410410,14000 040440 Argenta, 11, 110440 (10) 810140, not. 104440, ΙΙ, 51. Martini. V. Preti (114).

51-59.

1140440111 11404401101, 212.
114001 1141100 04010, I, 601. 84410104400, 11, 11.
11401040 (404110440 101 104ιο1441 14 11044041 11140410, Ι, 960.

8010044), 1, 261 4. 1. 11400110 (10) (140110140011, 160.
110004411110010, Π, 811. 110445011101, 4404010, II, 290.
1141444410 04010, 11, 161, 212. 1104400 (10) 144441011011, 228.

11410 04010, ΙΙ, 21. 11440144, 1004 00110 1040544114 0 110-
1100οὶ040, 414, 11, 158. 4444044, 11, 81-89.
114144014011140410 4444014440, Ι, 188, 114401100110,040411.1401004000, Ι, 10.

1104401100 (14) 14101100, 0401. 11 dir. 110411οο, I, 111.
010, I, 221, 4114, 253-251, 11, 61, 11441100 (14 8.). V. (110, card.
11041140 (8.), 0141004 14 1101οο401516,

040400 810401, 199.

11441100 (8.) 1010410, 40114 1100. 11

1100440104, 11, 256.

11441100 11 11010, 0040010 11 0144411414,

11, 21.

11441140 11 Ρ404, 04140 11 8441411010,

1, 501 0 4. 6.

110400110, Ι, 250, 0014000, 1, 188 11440000 (14) Μ4014010,001. 11 Bolo- Marone, 0400014010οη. 0 0401. 11 dir.

n. 1. 040, 1, 80, 11, 19.

000, 1, 895, 891, 658.

11410140011 1001041100, 0401. 11 dir. 114414 (8.110 (11041414 14 1000044,1, 11441100 (8.) 14 Ρο141010, 01040, Ι, 311.

444, 4, 123-130.

1101411044 11 (10404000 14 Ρο414 Novo,
11, 44, 444.

1101440111 11140410, 044000. 101 eom. di
004044, I, 181, 8044440114, ΙΙ, 69,
(1401101440, ΙΙ,29, ’10444444οο, Ι,219,
1114011100,1011.1110001, Ι, 286, 261
n. 7, 198, ΙΙ, 11, 201, 889, 859.

1141040140 1110010, 0401. 11 dir. 010,
vito: 1, 228221, 1110οο410, 1, 262.

1141041011 11140410, 4001100, Ι, 500.

,11010111 114441440400, ΙΙ, 11.

11, 22, 101Μο410 10114 (14444110,

181, 191, ΙΙ, 200, 1010444041 14 11041140 (8.) 14 Ρο4010110, ΙΙ, 266.
801οο40, 11, 228, 141 1141144101 11041140 noo, 11, 85.

10841111, 1, 212 4. 0, 101 3333- Μ441100 (8.), 04001410, 11, 191.

0001, Ι,2014.2,100111110404401, 11441140 0004 IV, 1, 215, 591 0. 5,

44, 04, 444.

I, 811 n. 2, 521, 101 Ponto 1100- 11441100, 04000410 11 1101044, ΙΙ, 21.
0104010041 8010044,Ι,15100.1 11441140 04010, Π, 21, 280.

0 8, 155 n. 8, 10114 Βο40040110, 11041100, 0401. 11 440110, 0041040, vito:
1, 518, 10114 (1141441044 (014014), ΙΙ,
86,10110 11444040114, 1181, 14114
Misericordia, Ι, 529, 1011411144 1104104400, Ι, 650.

(00001410), 1, 19, 101101144010110, 1144441011 110410, ΙΙ, 810, 1044444440,

Ι, 525-526, iuniore, 41144, l, 551,
551.

 

